physics
00010202020202020202010101010101
01010101010000000000000000010101
01010101010000000000000000010101
01010101010101010101010101010101
00000000000000000001010101010101
00000000000000000001010101010100
00000000000000010101010001010100
00000000000000000000000001010100
00000000000000000001010101010100
00000000000000000001010101010101
00000000000001010101010100000000
00000001010101010101010100000000
00000001010101010100000000000000
00000000000000000000000000000000
00000000000000000000000000000000
00000000000000000000000000000000

family
00000101010101010101000000000000
02020202020000000000000000000000
02020202020000000000000000000000
02020202000000000003030300000000
00000000000000000003030300000000
00000000000000000003030300000000
00000000000000000000000000000000
00000000000000000000000000000000
00000000000000000004040400000000
00000000000000000004040400000000
00000000000006060604040400000000
00000000000006060605050500000000
00000000000006060600000000000000
00000000000000000000000000000000
00000000000000000000000000000000
00000000000000000000000000000000

neighbors
00000818181818181810000000000000
0b1f16fefb0000000000000000000000
6bffd6df7f0000000000000000000000
68f8d00000000000000b1f1600000000
0000000000000000006bffd600000000
00000000000000000068f8d000000000
00000000000000000000000000000000
00000000000000000000000000000000
0000000000000000000b1f1600000000
0000000000000000006bffd600000000
0000000000000b1f1668f8d000000000
0000000000006bffd608181000000000
00000000000068f8d000000000000000
00000000000000000000000000000000
00000000000000000000000000000000
00000000000000000000000000000000

weight
00000000ffffffffff00000000000000
00000000000000000000000000000000
00000000000000000000000000000000
00000000000000000000000000000000
00000000000000000000000000000000
00000000000000000000000000000000
00000000000000000000000000000000
00000000000000000000000000000000
00000000000000000000000000000000
00000000000000000000000000000000
00000000000000000000000000000000
00000000000000000000000000000000
00000000000000000000000000000000
00000000000000000000000000000000
00000000000000000000000000000000
00000000000000000000000000000000

